1 0.860914732 0.871896655395645
2 0.896548646 0.859945199200103
3 0.943510594 0.859945199200103
4 0.886263918 0.85512117322236
5 0.908258932 0.871809281420395
6 0.889345451 0.886628070660429
7 0.883678715 0.85512117322236
8 0.886586622 0.84768915153168
9 0.869185603 0.871809281420395
10 0.856300622 0.859945199200103
11 0.835715494 0.843211836860742
12 0.734614155 0.851035823999552
13 0.85482666 0.848739764858195
14 0.733882294 0.845081155818743
15 0.815641249 0.865507901932781
16 0.767481175 0.859945199200103
17 0.841442169 0.851035823999552
18 0.708865371 0.85512117322236
19 0.759622777 0.859945199200103
20 0.744822326 0.85512117322236
21 0.724491208 0.84768915153168
22 0.786904045 0.859945199200103
23 0.754692397 0.84768915153168
24 0.820153614 0.865507901932781
25 0.827029868 0.845081155818743
26 0.723667518 0.859945199200103
27 0.755243976 0.859945199200103
28 0.818614458 0.878849337662944
29 0.845152546 0.871809281420395
30 0.838161564 0.851035823999552
31 0.816376184 0.871809281420395
32 0.87843 0.886628070660429
33 0.868638659 0.859945199200103
34 0.799744223 0.859945199200103
35 0.944307229 0.904401566920205
36 0.886044661 0.859945199200103
37 0.86664411 0.851035823999552
38 0.874831089 0.84768915153168
39 0.782471053 0.84768915153168
40 0.850429893 0.904401566920205
41 0.887373177 0.871809281420395
42 0.897546625 0.871809281420395
43 0.884901122 0.865507901932781
44 0.88373494 0.895145480412849
45 0.858575054 0.886628070660429
46 0.861741466 0.886628070660429
47 0.907025172 0.865507901932781
48 0.894053856 0.865507901932781
49 0.927361298 0.851035823999552
50 0.92396105 0.886628070660429
51 0.899243481 0.895145480412849
52 0.87113581 0.878849337662944
53 0.898528313 0.871809281420395
54 0.874904856 0.895145480412849
55 0.881590077 0.859945199200103
56 0.884621138 0.878849337662944
57 0.866583097 0.883760737615938
58 0.880343373 0.867072629417902
59 0.877570409 0.871896655395645
60 0.901423486 0.883760737615938
61 0.787203213 0.859640607727223
62 0.857926809 0.859640607727223
63 0.868249505 0.859640607727223
64 0.846536245 0.862987280195095
65 0.911086474 0.883760737615938
66 0.861407631 0.871896655395645
67 0.817622791 0.855163293056285
68 0.895836454 0.871896655395645
69 0.943353217 0.890800793858487
70 0.812336532 0.859640607727223
71 0.864968096 0.883760737615938
72 0.863405141 0.877459358128324
73 0.860051205 0.871896655395645
74 0.872022485 0.898579526855972
75 0.835862852 0.867072629417902
76 0.87467106 0.871896655395645
77 0.864843644 0.877459358128324
78 0.917244424 0.907096936608392
79 0.890193009 0.867072629417902
80 0.880796126 0.877459358128324
81 0.863585403 0.890800793858487
82 0.849979234 0.890800793858487
83 0.861796148 0.883760737615938
84 0.939769764 0.871809281420395
85 0.854317236 0.895145480412849
86 0.883155336 0.871809281420395
87 0.868641546 0.859945199200103
88 0.874669888 0.851035823999552
89 0.868641505 0.85512117322236
90 0.853477096 0.85512117322236
91 0.893292369 0.859945199200103
92 0.870707017 0.851035823999552
93 0.881097812 0.886628070660429
94 0.873896243 0.859945199200103
95 0.742966867 0.851035823999552
96 0.867045552 0.865507901932781
97 0.812172021 0.859945199200103
98 0.869112065 0.865507901932781
99 0.879217928 0.859945199200103
100 0.900821325 0.878849337662944
101 0.78840578 0.886628070660429
102 0.865731469 0.859945199200103
103 0.880843569 0.865507901932781
104 0.902520352 0.961762150781014
105 0.748347691 0.85512117322236
106 0.860991566 0.871809281420395
107 0.879198795 0.865507901932781
108 0.905246386 0.871809281420395
109 0.877120482 0.878849337662944
110 0.914856124 0.878849337662944
111 0.850455622 0.878849337662944
112 0.839410643 0.859945199200103
113 0.855101399 0.871896655395645
114 0.865961851 0.867072629417902
115 0.85936396 0.851035823999552
116 0.851649361 0.84768915153168
117 0.809763893 0.855163293056285
118 0.86799947 0.85512117322236
119 0.868416731 0.85512117322236
120 0.918560304 0.871809281420395
121 0.920462257 0.867072629417902
122 0.869726456 0.871896655395645
123 0.883680067 0.890800793858487
124 0.868638931 0.883760737615938
125 0.905639517 0.883760737615938
126 0.870105787 0.898579526855972
127 0.897880141 0.865507901932781
128 0.836938153 0.85512117322236
129 0.890332883 0.85512117322236
130 0.87681398 0.865507901932781
131 0.835676153 0.85512117322236
132 0.846339751 0.865507901932781
133 0.793444121 0.865507901932781
134 0.852551416 0.859945199200103
135 0.833730746 0.871809281420395
136 0.8501649 0.859945199200103
137 0.836835198 0.859945199200103
138 0.771551617 0.859945199200103
139 0.784200123 0.843211836860742
140 0.915709983 0.965420759820466
141 0.871676247 0.859945199200103
142 0.917855303 0.859945199200103
143 0.827375993 0.851035823999552
144 0.87024136 0.85512117322236
145 0.91080925 0.878849337662944
146 0.891199697 0.859945199200103
147 0.905220002 0.904401566920205
148 0.91133074 0.865507901932781
149 0.834066057 0.859945199200103
150 0.88771148 0.871809281420395
151 0.888037608 0.865507901932781
152 0.857770439 0.865507901932781
153 0.936756132 0.859945199200103
154 0.880658049 0.85512117322236
155 0.903450259 0.865507901932781
156 0.893904472 0.865507901932781
157 0.853298758 0.851035823999552
158 0.885472827 0.871809281420395
159 0.883745366 0.85512117322236
160 0.973080059 0.965420759820466
161 0.890300795 0.869166510972233
162 0.930287952 0.859945199200103
163 0.886763554 0.85512117322236
164 0.901004618 0.85512117322236
165 0.893924096 0.851035823999552
166 0.849020482 0.854694433039004
167 0.890169305 0.854694433039004
168 0.870801413 0.859945199200103
169 0.944449522 0.851035823999552
170 0.901345181 0.84768915153168
171 0.862194779 0.865507901932781
172 0.929807644 0.863603808239555
173 0.907665974 0.858779782261812
174 0.902262152 0.85512117322236
175 0.867443475 0.859945199200103
176 0.867681912 0.871809281420395
177 0.861370685 0.865507901932781
178 0.815061521 0.863603808239555
179 0.884257986 0.875467890459847
180 0.86885892 0.890286679699881
181 0.822768919 0.859945199200103
182 0.88845611 0.859945199200103
183 0.911352702 0.871809281420395
184 0.918761504 0.878849337662944
185 0.924020248 0.878849337662944
186 0.866434272 0.878849337662944
187 0.870818552 0.878849337662944
188 0.853181243 0.878849337662944
189 0.889307229 0.871809281420395
190 0.922698359 0.878849337662944
191 0.914955633 0.878849337662944
192 0.88026506 0.871809281420395
193 0.86416376 0.85512117322236
194 0.896841114 0.865507901932781
195 0.849987832 0.859640607727223
196 0.873590596 0.851035823999552
197 0.870775087 0.859945199200103
198 0.748588865 0.859945199200103
199 0.897840964 0.878849337662944
200 0.851405422 0.859945199200103
201 0.838094065 0.859945199200103
202 0.86068207 0.843211836860742
203 0.867479654 0.85512117322236
204 0.87073755 0.851035823999552
205 0.881703789 0.859945199200103
206 0.856780849 0.865507901932781
207 0.865500236 0.883760737615938
208 0.892594804 0.898579526855972
209 0.835492335 0.871896655395645
210 0.86401371 0.862987280195095
211 0.884518914 0.867072629417902
212 0.90600944 0.862987280195095
213 0.913391048 0.883760737615938
214 0.915459909 0.871896655395645
215 0.920817044 0.871896655395645
216 0.83036329 0.862987280195095
217 0.881167034 0.862987280195095
218 0.884677469 0.883760737615938
219 0.888241061 0.883760737615938
220 0.8896317 0.878849337662944
221 0.883381656 0.871809281420395
222 0.90430662 0.890800793858487
223 0.935245638 0.871809281420395
224 0.912642189 0.859945199200103
225 0.908340985 0.886628070660429
226 0.885649799 0.886628070660429
227 0.8955 0.875467890459847
228 0.938559488 0.882507946702396
229 0.906821068 0.875467890459847
230 0.892496829 0.882507946702396
231 0.900303798 0.863603808239555
232 0.889705093 0.863603808239555
233 0.894276571 0.882507946702396
234 0.857490089 0.854694433039004
235 0.868825301 0.869166510972233
236 0.871892225 0.882507946702396
237 0.895698795 0.898804089452301
238 0.887952372 0.882507946702396
239 0.899560241 0.882507946702396
240 0.915397026 0.890286679699881
241 0.880141002 0.875467890459847
242 0.893691719 0.875467890459847
243 0.925323701 0.882507946702396
244 0.899145621 0.890286679699881
245 0.906815136 0.875467890459847
246 0.896452831 0.882507946702396
247 0.895264307 0.869166510972233
248 0.918396921 0.858779782261812