1 0.86068207 0.808924626834586
2 0.835715494 0.821273173185559
3 0.817622791 0.800891691065281
4 0.809763893 0.807467456263316
5 0.784200123 0.794266730055141
6 0.85482666 0.821737260370088
7 0.827029868 0.806419367763696
8 0.733882294 0.823515562113548
9 0.901345181 0.823872691837853
10 0.886586622 0.835939400470592
11 0.874831089 0.841837130819466
12 0.868249505 0.840194960368895
13 0.857926809 0.822531624687315
14 0.851649361 0.816271453532477
15 0.849987832 0.852543506719867
16 0.812336532 0.835023513812006
17 0.787203213 0.81697907865866
18 0.782471053 0.845301943477874
19 0.754692397 0.832851179408029
20 0.724491208 0.833458063860661
21 0.944449522 0.844880155281584
22 0.927361298 0.823179485729928
23 0.90600944 0.852207796602627
24 0.893924096 0.840669623272748
25 0.890169305 0.844277963283801
26 0.881167034 0.845215696687844
27 0.874669888 0.837270411154288
28 0.873590596 0.842441857711177
29 0.87073755 0.858362814319369
30 0.870707017 0.838381962340679
31 0.86664411 0.84008963821982
32 0.86401371 0.837097989908169
33 0.85936396 0.846131583346431
34 0.857490089 0.819191797338905
35 0.853298758 0.860570819032989
36 0.849020482 0.84137803801916
37 0.846536245 0.849200273739173
38 0.841442169 0.862069721575105
39 0.838161564 0.83354944822005
40 0.83036329 0.847460318580389
41 0.827375993 0.835111867340794
42 0.742966867 0.838381962340679
43 0.734614155 0.860570819032989
44 0.920462257 0.856672274039868
45 0.918396921 0.856524341006438
46 0.907665974 0.853489918743281
47 0.902262152 0.85661648639052
48 0.901004618 0.8493015936793
49 0.890332883 0.859893003251006
50 0.890193009 0.847249340395939
51 0.886763554 0.870529535823556
52 0.886263918 0.865415183984695
53 0.884518914 0.863288824339467
54 0.883745366 0.849881578732228
55 0.883678715 0.851057688477906
56 0.880658049 0.847593917800159
57 0.880343373 0.853337620480696
58 0.87024136 0.853474466528551
59 0.868641505 0.838364659834092
60 0.868416731 0.843797636546752
61 0.86799947 0.839781822196439
62 0.867479654 0.859893003251006
63 0.865961851 0.857246879212856
64 0.86416376 0.852862202195979
65 0.853477096 0.847035452266993
66 0.836938153 0.871281677034585
67 0.835862852 0.858412229198653
68 0.835676153 0.835675591867795
69 0.748347691 0.848157763213265
70 0.744822326 0.852862202195979
71 0.708865371 0.861241269154784
72 0.943510594 0.883354809331958
73 0.936756132 0.8610939302391
74 0.930287952 0.873646912027816
75 0.929807644 0.864756069049559
76 0.920817044 0.859453843749848
77 0.917855303 0.87436139407926
78 0.915459909 0.872793499967198
79 0.912642189 0.847535782905504
80 0.900303798 0.837520035089731
81 0.896548646 0.855267180310114
82 0.895836454 0.857424417054929
83 0.893292369 0.853624062990261
84 0.891199697 0.856958716549434
85 0.889705093 0.851417454812869
86 0.88845611 0.8610939302391
87 0.886044661 0.861706194571672
88 0.881703789 0.858113306775349
89 0.881590077 0.855267180310114
90 0.879217928 0.863575266849032
91 0.877570409 0.87408796707157
92 0.87467106 0.872793499967198
93 0.873896243 0.85582564584328
94 0.871676247 0.866797984910111
95 0.870801413 0.871535745153128
96 0.870775087 0.87223408756475
97 0.869726456 0.852287333739004
98 0.868641546 0.856389491256386
99 0.868638659 0.859289416521028
100 0.867443475 0.8610939302391
101 0.865731469 0.862323838784185
102 0.861407631 0.873438043579414
103 0.860914732 0.870269124317741
104 0.860051205 0.871520552382588
105 0.856300622 0.877273121084443
106 0.855101399 0.86321246584367
107 0.852551416 0.850993131722651
108 0.851405422 0.862946862876638
109 0.8501649 0.858698671708218
110 0.839410643 0.879513405077706
111 0.838094065 0.865492758045857
112 0.836835198 0.862323838784185
113 0.835492335 0.869651480105228
114 0.834066057 0.858113306775349
115 0.822768919 0.8610939302391
116 0.815061521 0.861130901973593
117 0.812172021 0.881033827139585
118 0.799744223 0.858113306775349
119 0.786904045 0.8610939302391
120 0.771551617 0.854714094656889
121 0.767481175 0.878761263866678
122 0.759622777 0.8610939302391
123 0.755243976 0.831374135754737
124 0.748588865 0.87223408756475
125 0.723667518 0.8610939302391
126 0.91133074 0.867738546413231
127 0.907025172 0.864784822349184
128 0.903450259 0.868957695198435
129 0.897880141 0.881612894706023
130 0.896841114 0.868345430865863
131 0.895264307 0.866642447441571
132 0.894053856 0.865364807402112
133 0.893904472 0.873394182164777
134 0.890300795 0.868382402600355
135 0.888037608 0.866540917147791
136 0.884901122 0.850729472123089
137 0.880843569 0.866540917147791
138 0.880796126 0.875082327374097
139 0.879198795 0.873394182164777
140 0.87681398 0.88601276449344
141 0.869112065 0.870826767475795
142 0.868825301 0.872007569676322
143 0.867045552 0.861965595283652
144 0.864843644 0.876290716399419
145 0.863405141 0.846126475841304
146 0.862194779 0.858244632349414
147 0.861370685 0.889053608617198
148 0.857770439 0.867137041840541
149 0.856780849 0.877406700596469
150 0.846339751 0.883057998448733
151 0.820153614 0.891390730449393
152 0.815641249 0.882332756637408
153 0.793444121 0.879485588191513
154 0.425618416 0.878787245779891
155 0.939769764 0.878370988270809
156 0.935245638 0.859201286205852
157 0.918560304 0.875846612621352
158 0.913391048 0.881353600584501
159 0.911352702 0.873408315050945
160 0.911086474 0.878426775920157
161 0.908258932 0.896098542558393
162 0.906821068 0.85817720963474
163 0.906815136 0.87465367581076
164 0.905639517 0.906397089563966
165 0.905246386 0.883677973806873
166 0.901423486 0.89231084199217
167 0.898528313 0.864005858946118
168 0.897546625 0.89845180403041
169 0.8955 0.864940228650036
170 0.893691719 0.875840545316319
171 0.889307229 0.875228968408839
172 0.888241061 0.881955105157192
173 0.88771148 0.874009819623636
174 0.887373177 0.892284037703845
175 0.885472827 0.882995771035073
176 0.884677469 0.875634448254328
177 0.884257986 0.877661198674213
178 0.883381656 0.877098040686199
179 0.883155336 0.869348419680447
180 0.88026506 0.86300190535854
181 0.880141002 0.869579067092802
182 0.869185603 0.85493470145965
183 0.868638931 0.901738985539398
184 0.867681912 0.896877583169125
185 0.866583097 0.899482561906313
186 0.865500236 0.880757475891751
187 0.864968096 0.891623259340429
188 0.861796148 0.904822868702681
189 0.860991566 0.879015531883025
190 0.845152546 0.872221445545385
191 0.833730746 0.877731824538533
192 0.816376184 0.875228968408839
193 0.943353217 0.886644646378547
194 0.938559488 0.881131591110365
195 0.925323701 0.878204766446021
196 0.924020248 0.872980208514818
197 0.922698359 0.874080999941327
198 0.918761504 0.878103236152241
199 0.914955633 0.879907749870313
200 0.914856124 0.898327224708919
201 0.91080925 0.877512491339431
202 0.90430662 0.894217773326918
203 0.900821325 0.88430657767707
204 0.899560241 0.880535466417615
205 0.897840964 0.877512491339431
206 0.896452831 0.890719047094493
207 0.894276571 0.882952244468259
208 0.892496829 0.875960144553476
209 0.8896317 0.90216862896317
210 0.887952372 0.877635541152974
211 0.884621138 0.874639465474493
212 0.883680067 0.911688135358012
213 0.877120482 0.893895075641858
214 0.871892225 0.874333166873445
215 0.87113581 0.874080999941327
216 0.870818552 0.893175213710473
217 0.866434272 0.893175213710473
218 0.863585403 0.906272510242475
219 0.853181243 0.879300865417681
220 0.850455622 0.902953049453843
221 0.849979234 0.904773607700359
222 0.818614458 0.881137658415397
223 0.92396105 0.878391818319015
224 0.915397026 0.884846284795302
225 0.908340985 0.902638043086606
226 0.899145621 0.879723257157879
227 0.892594804 0.889183230317806
228 0.889345451 0.917096544354965
229 0.885649799 0.912083368254316
230 0.881097812 0.882414054529928
231 0.87843 0.90726386783153
232 0.872022485 0.876297567976789
233 0.870105787 0.925041829888522
234 0.86885892 0.924735626398852
235 0.861741466 0.883010179222678
236 0.858575054 0.87895028385218
237 0.78840578 0.894660383162028
238 0.917244424 0.88695606534718
239 0.899243481 0.88007929196049
240 0.895698795 0.915412229809893
241 0.88373494 0.884568535745578
242 0.874904856 0.873518624421618
243 0.854317236 0.869933200466555
244 0.944307229 0.916136303099924
245 0.905220002 0.88633891423762
246 0.850429893 0.925356715290788
247 0.973080059 0.942296784330207
248 0.915709983 0.942296784330207
249 0.902520352 0.939864554064833